0 0.21103448275862072 0.06137931034482762 0.027586206896551745 0.02896551724137936
0 0.2303448275862069 0.05862068965517242 0.027586206896551745 0.02896551724137936
0 0.2620689655172414 0.07793103448275865 0.027586206896551745 0.02896551724137936
0 0.28 0.09586206896551726 0.027586206896551745 0.02896551724137936
0 0.33241379310344826 0.08620689655172416 0.027586206896551745 0.02896551724137936
0 0.34758620689655173 0.09172413793103452 0.027586206896551745 0.02896551724137936
0 0.36689655172413793 0.08896551724137933 0.027586206896551745 0.02896551724137936
0 0.43310344827586206 0.1303448275862069 0.027586206896551745 0.02896551724137936
0 0.463448275862069 0.14413793103448277 0.027586206896551745 0.02896551724137936
0 0.4993103448275862 0.1496551724137931 0.027586206896551745 0.02896551724137936
0 0.5117241379310344 0.18551724137931036 0.027586206896551745 0.02896551724137936
0 0.5337931034482759 0.20206896551724143 0.027586206896551745 0.02896551724137936
0 0.5517241379310345 0.22551724137931037 0.027586206896551745 0.02896551724137936
0 0.5558620689655173 0.2558620689655173 0.027586206896551745 0.02896551724137936
0 0.6 0.26 0.027586206896551745 0.02896551724137936
0 0.6082758620689656 0.29172413793103447 0.027586206896551745 0.02896551724137936
0 0.6372413793103449 0.3455172413793104 0.027586206896551745 0.02896551724137936
0 0.6510344827586206 0.3606896551724138 0.027586206896551745 0.02896551724137936
0 0.6675862068965518 0.4103448275862069 0.027586206896551745 0.02896551724137936
0 0.6565517241379311 0.43793103448275866 0.027586206896551745 0.02896551724137936
0 0.649655172413793 0.4420689655172414 0.027586206896551745 0.02896551724137936
0 0.6744827586206896 0.4448275862068966 0.027586206896551745 0.02896551724137936
0 0.663448275862069 0.47379310344827585 0.027586206896551745 0.02896551724137936
0 0.646896551724138 0.49724137931034484 0.027586206896551745 0.02896551724137936
0 0.6689655172413793 0.5427586206896552 0.027586206896551745 0.02896551724137936
0 0.6731034482758621 0.5717241379310345 0.027586206896551745 0.02896551724137936
0 0.6662068965517242 0.6255172413793104 0.027586206896551745 0.02896551724137936
0 0.6579310344827587 0.6875862068965517 0.027586206896551745 0.02896551724137936
0 0.6151724137931035 0.6875862068965517 0.027586206896551745 0.02896551724137936
0 0.6137931034482759 0.7455172413793102 0.027586206896551745 0.02896551724137936
0 0.5944827586206897 0.7731034482758621 0.027586206896551745 0.02896551724137936
0 0.5903448275862069 0.7758620689655171 0.027586206896551745 0.02896551724137936
0 0.5696551724137932 0.7634482758620689 0.027586206896551745 0.02896551724137936
0 0.5751724137931035 0.7951724137931034 0.027586206896551745 0.02896551724137936
0 0.566896551724138 0.8310344827586208 0.027586206896551745 0.02896551724137936
0 0.5448275862068965 0.8448275862068965 0.027586206896551745 0.02896551724137936
0 0.496551724137931 0.8655172413793102 0.027586206896551745 0.02896551724137936
0 0.48827586206896556 0.8668965517241379 0.027586206896551745 0.02896551724137936
0 0.48827586206896556 0.9055172413793104 0.027586206896551745 0.02896551724137936
0 0.4358620689655172 0.9151724137931034 0.027586206896551745 0.02896551724137936
0 0.4110344827586207 0.9386206896551724 0.027586206896551745 0.02896551724137936
0 0.37931034482758613 0.9262068965517242 0.027586206896551745 0.02896551724137936
0 0.34896551724137936 0.9441379310344828 0.027586206896551745 0.02896551724137936
0 0.16413793103448276 0.9206896551724139 0.027586206896551745 0.02896551724137936
0 0.3227586206896552 0.9565517241379311 0.027586206896551745 0.02896551724137936
0 0.2731034482758621 0.9496551724137932 0.027586206896551745 0.02896551724137936
0 0.2620689655172414 0.9510344827586208 0.027586206896551745 0.02896551724137936
0 0.2289655172413793 0.9358620689655173 0.027586206896551745 0.02896551724137936
0 0.19310344827586207 0.930344827586207 0.027586206896551745 0.02896551724137936
0 0.13517241379310346 0.9206896551724139 0.027586206896551745 0.02896551724137936
