0 0.46475564356476584 0.7311356353017096 0.18231571869743227 0.07235543006469072
0 0.5476943516607288 0.6751863783330825 0.12104568208600007 0.0715140878546363
0 0.5798237611033091 0.6192371213644552 0.12254007322286427 0.0471151637630544
0 0.6119531705458894 0.5952588683779007 0.127023246633457 0.049639190393217944
0 0.5305088535867907 0.5250067938383463 0.1404727668652347 0.015144159780981709
0 0.5439583738185684 0.5027112252719008 0.11058494412795071 0.017668186411145398
0 0.4901602928914572 0.3832406314441556 0.10759616185422231 0.047956505973109034
0 0.4804467505018399 0.4463412971982463 0.10012420616990127 0.026081608511690817
0 0.4782051637965436 0.46695418134458266 0.10460737958049393 0.010096106520654544
0 0.5499359383660252 0.4837810255456735 0.08966346821185205 0.021874897461418144
0 0.5880429123560622 0.5552951134003098 0.13001202890718516 0.020192213041309016
