0 0.268056 0.583984 0.041667 0.055469
0 0.349306 0.601172 0.048611 0.044531
0 0.390278 0.598047 0.030556 0.044531
0 0.428472 0.578125 0.026389 0.034375
0 0.450694 0.591016 0.018056 0.046094
0 0.560417 0.573828 0.056944 0.055469
0 0.659722 0.563672 0.075000 0.041406
0 0.706944 0.522266 0.033333 0.035156
0 0.780556 0.546875 0.047222 0.034375
0 0.815278 0.530078 0.019444 0.028906
0 0.828472 0.519531 0.015278 0.031250
0 0.868056 0.544141 0.030556 0.033594
0 0.890278 0.530078 0.038889 0.041406
0 0.968056 0.544141 0.055556 0.046094
