0 0.843750 0.752083 0.075000 0.104167
0 0.756641 0.623611 0.047656 0.072222
0 0.750781 0.570833 0.048438 0.055556
0 0.710938 0.534722 0.045312 0.066667
0 0.662109 0.445833 0.036719 0.063889
0 0.603125 0.408333 0.039062 0.055556
0 0.548828 0.381944 0.041406 0.058333
0 0.458203 0.384028 0.039844 0.073611
0 0.363281 0.444444 0.034375 0.052778
0 0.338672 0.361806 0.038281 0.051389
0 0.328906 0.224306 0.039062 0.062500
0 0.276953 0.197917 0.055469 0.048611
0 0.239844 0.165972 0.021875 0.031944
0 0.230859 0.137500 0.021094 0.050000
0 0.183594 0.203472 0.034375 0.065278
0 0.146094 0.102083 0.026562 0.037500
0 0.120313 0.068056 0.025000 0.027778
0 0.090625 0.049306 0.021875 0.037500
