0 0.285014985014985 0.6982017982017982 0.019980019980020032 0.10940170940170944
0 0.3437562437562439 0.6882561882561882 0.022377622377622402 0.10371850371850386
0 0.4292707292707293 0.676179376179376 0.060739260739260816 0.08240648240648248
0 0.507992007992008 0.6520257520257519 0.040759240759240783 0.07672327672327668
0 0.5723276723276725 0.6534465534465533 0.044755244755244734 0.059673659673659646
0 0.6194805194805195 0.7152514152514152 0.09910089910089909 0.08098568098568122
0 0.8444555444555445 0.7536130536130535 0.04075924075924064 0.046886446886447004
0 0.8776223776223776 0.7735042735042734 0.047952047952048105 0.03836163836163834
0 0.8992007992007993 0.8310467310467311 0.03516483516483518 0.03978243978243981
0 0.9083916083916083 0.8871683871683871 0.03276723276723303 0.046886446886447004
