0 0.2643601685517853 0.5828343313373254 0.06032379685074293 0.04391217564870253
0 0.3512974051896208 0.5888223552894212 0.04967842093590598 0.039920159680638674
0 0.39210467952982925 0.5888223552894212 0.03903304502106891 0.02794411177644719
0 0.46307385229540915 0.5968063872255489 0.046129962297626934 0.04790419161676638
0 0.43113772455089816 0.5888223552894212 0.046129962297626934 0.0439121756487026
0 0.5748502994011976 0.5698602794411177 0.07806609004213798 0.04191616766467071
0 0.6600133067198937 0.5538922155688623 0.07096917276557989 0.041916167664670635
0 0.7238855622089155 0.5199600798403193 0.07806609004213798 0.041916167664670635
0 0.7913062763362165 0.5449101796407185 0.0496784209359059 0.05588822355289423
0 0.8161454868041694 0.5379241516966068 0.04258150365934796 0.06187624750499012
0 0.9666223109336882 0.5289421157684631 0.06675537813262367 0.05588822355289416
0 0.899534264803726 0.5189620758483033 0.06742071412730084 0.063872255489022
