0 0.6034805389221557 0.10978043912175646 0.055014970059880215 0.10379241516966065
0 0.6169535928143713 0.19161676646706588 0.08645209580838334 0.06786427145708583
0 0.6158308383233533 0.3532934131736527 0.0572604790419161 0.08782435129740516
0 0.6062874251497006 0.4720558882235529 0.06287425149700596 0.045908183632734564
0 0.6096556886227544 0.5199600798403194 0.05164670658682638 0.0219560878243513
0 0.6090943113772456 0.5449101796407185 0.06624251497005978 0.03592814371257475
0 0.6427769461077844 0.6427145708582834 0.052769461077844255 0.06786427145708586
0 0.6461452095808383 0.7395209580838323 0.05052395209580837 0.057884231536926053
0 0.6382859281437127 0.8702594810379242 0.055014970059880285 0.07185628742514964
0 0.6321107784431138 0.9690618762475051 0.06062874251497007 0.061876247504989976
