0 0.6062068965517241 0.7668965517241378 0.04000000000000007 0.030344827586206834
0 0.5813793103448275 0.5972413793103448 0.04000000000000007 0.030344827586206834
0 0.5689655172413792 0.5586206896551724 0.04000000000000007 0.030344827586206834
0 0.5593103448275862 0.5117241379310344 0.04000000000000007 0.030344827586206834
0 0.5413793103448277 0.49241379310344824 0.04000000000000007 0.030344827586206834
0 0.5055172413793103 0.43034482758620685 0.04000000000000007 0.030344827586206834
0 0.4917241379310344 0.3986206896551724 0.04000000000000007 0.030344827586206834
0 0.4668965517241379 0.37103448275862055 0.04000000000000007 0.030344827586206834
0 0.4420689655172414 0.3489655172413793 0.04000000000000007 0.030344827586206834
0 0.6062068965517241 0.8234482758620689 0.04000000000000007 0.030344827586206834
