0 0.18202180960801648 0.5034482758620689 0.054700854700854666 0.043501326259947036
0 0.04432655467138225 0.5002652519893899 0.06224580017683465 0.06472148541114059
0 0.36498673740053045 0.6190981432360743 0.0848806366047745 0.028647214854111383
0 0.461184792219275 0.6541114058355437 0.14146772767462415 0.028647214854111383
0 0.4894783377541998 0.69973474801061 0.13769525493663415 0.03076923076923066
0 0.9157733377280407 0.9695509550641155 0.0502252287602218 0.05336430555773546
0 0.8443419012690586 0.8317454836532573 0.039064066813505605 0.022601352942099737
0 0.7980230791901878 0.768650040023229 0.037947950618834055 0.019462276144585785
0 0.8940090719319446 0.8016103463971246 0.0491091125655501 0.008789415033038778
0 0.8432257850743872 0.7868566854488094 0.06138639070693756 0.01695101470657491
