0 0.42440708286943246 0.831607039342003 0.0627644277482964 0.08665824763561801
0 0.4483173410592596 0.7718717424281304 0.07173077456948157 0.061417981333981686
0 0.4879187061861609 0.7104537610941487 0.13897837572837055 0.01935087083125467
0 0.7457011772952353 0.6814274548472671 0.11058494412795071 0.03870174166250891
0 0.5708574142821239 0.6864755081075942 0.07770833911693828 0.028605635141854435
0 0.570857414282124 0.6494564508651943 0.08368590366439513 0.021874897461418144
0 0.721043723536976 0.650718464180276 0.17783254528683962 0.01766818641114554
0 0.7247797013791364 0.6082306825725217 0.13150642004404944 0.03365368840218167
0 0.7105829855789265 0.6296849089289125 0.18381010983429655 0.022716239671472706
0 0.4722275992490868 0.5203104216218218 0.04782051637965438 0.03786039945245442
0 0.5947676724719512 0.49591149753024 0.1673718073287904 0.026081608511690817
0 0.5663742408715313 0.4740366000688219 0.1972596300660743 0.015985501991036342
