0 0.5406896551724136 0.8144827586206896 0.035862068965517226 0.039999999999999855
0 0.5310344827586206 0.6448275862068966 0.035862068965517226 0.039999999999999855
0 0.5282758620689653 0.6062068965517242 0.035862068965517226 0.039999999999999855
0 0.5255172413793102 0.5675862068965518 0.035862068965517226 0.039999999999999855
0 0.4993103448275861 0.5289655172413794 0.035862068965517226 0.039999999999999855
0 0.4855172413793102 0.466896551724138 0.035862068965517226 0.039999999999999855
0 0.46068965517241367 0.43379310344827593 0.035862068965517226 0.039999999999999855
0 0.4344827586206895 0.40482758620689663 0.035862068965517226 0.039999999999999855
0 0.42344827586206873 0.3758620689655174 0.035862068965517226 0.039999999999999855
0 0.5337931034482757 0.8751724137931035 0.035862068965517226 0.039999999999999855
