0 0.2661343978709248 0.5858283433133733 0.09225992459525396 0.03393213572854293
0 0.3512974051896208 0.5998003992015968 0.04258150365934803 0.025948103792415154
0 0.39033045021068974 0.5908183632734532 0.04258150365934796 0.03193612774451104
0 0.44710578842315374 0.5828343313373253 0.07096917276558003 0.03592814371257475
0 0.5677533821246397 0.5738522954091816 0.063872255489022 0.045908183632734495
0 0.6706586826347305 0.5588822355289421 0.0780660900421379 0.03592814371257489
0 0.7238855622089155 0.5239520958083833 0.05677533821246399 0.03792415169660678
0 0.796628964293635 0.5459081836327345 0.046129962297627 0.02195608782435123
0 0.8214681747615878 0.5329341317365269 0.05322687957418495 0.039920159680638674
0 0.9683965402528277 0.5299401197604791 0.06320691949434462 0.05389221556886227
