0 0.8325224550898205 0.7544910179640718 0.07073353293413163 0.08383233532934127
0 0.08532934131736526 0.06087824351297406 0.03592814371257485 0.07784431137724551
0 0.11845059880239521 0.07485029940119761 0.02133233532934133 0.08183632734530938
0 0.14146706586826346 0.1027944111776447 0.022455089820359292 0.08183632734530938
0 0.18244760479041916 0.20259481037924154 0.043787425149700604 0.05788423153692616
0 0.22904191616766467 0.1626746506986028 0.04491017964071855 0.08582834331337325
0 0.2750748502994012 0.18363273453093812 0.026946107784431204 0.09980039920159679
0 0.32110778443113774 0.2055888223552894 0.03368263473053887 0.07984031936127742
0 0.33401946107784425 0.34131736526946105 0.030314371257485036 0.06387225548902191
0 0.3648952095808383 0.44510978043912175 0.042664670658682624 0.0798403193612775
0 0.4603293413173653 0.3223552894211577 0.03143712574850298 0.18163672654690619
0 0.5467814371257486 0.3722554890219561 0.026946107784431204 0.12974051896207586
0 0.5922529940119761 0.40019960079840317 0.04378742514970064 0.09381237524950102
0 0.6517589820359281 0.44510978043912175 0.03480538922155681 0.07584830339321356
0 0.7039670658682634 0.5259481037924152 0.03592814371257489 0.08582834331337331
0 0.7354041916167665 0.5429141716566867 0.024700598802395037 0.059880239520958015
0 0.7584206586826348 0.627744510978044 0.04378742514970071 0.08183632734530946
