0 0.5641379310344827 0.8137931034482758 0.027586206896551814 0.022068965517241423
0 0.5613793103448276 0.6634482758620689 0.027586206896551814 0.022068965517241423
0 0.5586206896551724 0.6289655172413794 0.027586206896551814 0.022068965517241423
0 0.5572413793103449 0.583448275862069 0.027586206896551814 0.022068965517241423
0 0.5406896551724139 0.5531034482758621 0.027586206896551814 0.022068965517241423
0 0.5310344827586208 0.48 0.027586206896551814 0.022068965517241423
0 0.5172413793103449 0.446896551724138 0.027586206896551814 0.022068965517241423
0 0.4951724137931035 0.42758620689655175 0.027586206896551814 0.022068965517241423
0 0.47172413793103457 0.39172413793103444 0.027586206896551814 0.022068965517241423
0 0.5517241379310345 0.8717241379310345 0.027586206896551814 0.022068965517241423
