0 0.5599999999999999 0.8303448275862069 0.027586206896551745 0.01931034482758619
0 0.5599999999999999 0.7641379310344827 0.027586206896551745 0.01931034482758619
0 0.546206896551724 0.6179310344827587 0.027586206896551745 0.01931034482758619
0 0.5489655172413792 0.5793103448275863 0.027586206896551745 0.01931034482758619
0 0.546206896551724 0.5379310344827586 0.027586206896551745 0.01931034482758619
0 0.5268965517241379 0.4993103448275862 0.027586206896551745 0.01931034482758619
0 0.5048275862068966 0.43724137931034485 0.027586206896551745 0.01931034482758619
0 0.49241379310344824 0.4068965517241379 0.027586206896551745 0.01931034482758619
0 0.4799999999999999 0.37793103448275855 0.027586206896551745 0.01931034482758619
0 0.4551724137931034 0.3544827586206897 0.027586206896551745 0.01931034482758619
