0 0.28821178821178817 0.3707070707070706 0.026373626373626387 0.03409923409923408
0 0.332967032967033 0.3231102231102231 0.021578421578421613 0.03552003552003558
0 0.41048951048951055 0.32239982239982234 0.02477522477522477 0.07388167388167392
0 0.5795204795204796 0.3699966699966699 0.03836163836163827 0.04688644688644686
0 0.6322677322677324 0.39130869130869117 0.039960039960039995 0.046886446886446935
0 0.6426573426573426 0.43322233322233317 0.04635364635364638 0.08808968808968806
0 0.8336663336663338 0.3877566877566877 0.0191808191808191 0.0426240426240426
0 0.88024042411844 0.49801015171625435 0.0198673914580219 0.031837572539928874
0 0.8954907457305836 0.4258781514304781 0.013431475915282362 0.020893406979328403
0 0.8877956293207864 0.39478677199695367 0.012592008670577286 0.036314731178356326
0 0.8740843309906022 0.39603042717429465 0.012032363840773996 0.025868027688692195
0 0.8556160516070886 0.4201573376147095 0.005876270712935962 0.036314731178356326
