0 0.830078 0.768056 0.144531 0.091667
0 0.737109 0.631250 0.042969 0.076389
0 0.729688 0.587500 0.054688 0.088889
0 0.691406 0.567361 0.053125 0.093056
0 0.649219 0.483333 0.054688 0.108333
0 0.585547 0.441667 0.049219 0.077778
0 0.539844 0.420139 0.028125 0.140278
0 0.456641 0.436806 0.021094 0.204167
0 0.366016 0.463889 0.064844 0.063889
0 0.333594 0.386806 0.059375 0.126389
0 0.336719 0.237500 0.060937 0.122222
0 0.278906 0.251389 0.039062 0.097222
0 0.215625 0.218750 0.071875 0.137500
0 0.163672 0.240278 0.060156 0.138889
0 0.145313 0.122917 0.071875 0.137500
0 0.099219 0.088889 0.060937 0.113889
0 0.043359 0.104861 0.038281 0.079167
