0 0.768056 0.169922 0.051563 0.256944
0 0.631250 0.262891 0.042969 0.076389
0 0.587500 0.270312 0.050000 0.097223
0 0.567361 0.308594 0.052344 0.094444
0 0.483333 0.350781 0.060937 0.097223
0 0.441667 0.414453 0.043750 0.087500
0 0.420139 0.460156 0.078906 0.050000
0 0.436806 0.543359 0.114844 0.037500
0 0.463889 0.633984 0.035938 0.115278
0 0.386806 0.666406 0.071094 0.105556
0 0.237500 0.663281 0.068750 0.108332
0 0.251389 0.721094 0.054687 0.069444
0 0.218750 0.784375 0.077344 0.127778
0 0.240278 0.836328 0.078125 0.106944
0 0.122917 0.854687 0.077344 0.127778
0 0.088889 0.900781 0.064063 0.108332
0 0.104861 0.956641 0.044531 0.068055
