0 0.169922 0.231944 0.144531 0.091667
0 0.262891 0.368750 0.042969 0.076389
0 0.270312 0.412500 0.054688 0.088889
0 0.308594 0.432639 0.053125 0.093056
0 0.350781 0.516667 0.054688 0.108333
0 0.414453 0.558333 0.049219 0.077778
0 0.460156 0.579861 0.028125 0.140278
0 0.543359 0.563194 0.021094 0.204167
0 0.633984 0.536111 0.064844 0.063889
0 0.666406 0.613194 0.059375 0.126389
0 0.663281 0.762500 0.060937 0.122222
0 0.721094 0.748611 0.039062 0.097222
0 0.784375 0.781250 0.071875 0.137500
0 0.836328 0.759722 0.060156 0.138889
0 0.854687 0.877083 0.071875 0.137500
0 0.900781 0.911111 0.060937 0.113889
0 0.956641 0.895139 0.038281 0.079167
