0 0.613194 0.775781 0.104167 0.023438
0 0.652083 0.751172 0.159722 0.038281
0 0.618750 0.727734 0.098611 0.033594
0 0.654861 0.722266 0.118056 0.053906
0 0.579861 0.703516 0.095833 0.027344
0 0.618750 0.632812 0.159722 0.012500
0 0.587500 0.605859 0.150000 0.016406
0 0.565278 0.610156 0.061111 0.028125
0 0.597917 0.601172 0.087500 0.032031
0 0.626389 0.562500 0.047222 0.032813
0 0.633333 0.533203 0.155556 0.027344
0 0.508333 0.508594 0.122222 0.034375
0 0.693750 0.462109 0.287500 0.060156
0 0.637500 0.381641 0.238889 0.064844
0 0.569444 0.268359 0.283333 0.080469
