0 0.386806 0.224219 0.104167 0.023438
0 0.347917 0.248828 0.159722 0.038281
0 0.381250 0.272266 0.098611 0.033594
0 0.345139 0.277734 0.118056 0.053906
0 0.420139 0.296484 0.095833 0.027344
0 0.381250 0.367188 0.159722 0.012500
0 0.412500 0.394141 0.150000 0.016406
0 0.434722 0.389844 0.061111 0.028125
0 0.402083 0.398828 0.087500 0.032031
0 0.373611 0.437500 0.047222 0.032813
0 0.366667 0.466797 0.155556 0.027344
0 0.491667 0.491406 0.122222 0.034375
0 0.306250 0.537891 0.287500 0.060156
0 0.362500 0.618359 0.238889 0.064844
0 0.430556 0.731641 0.283333 0.080469
