0 0.224219 0.613194 0.041668 0.058594
0 0.248828 0.652083 0.068055 0.089844
0 0.272266 0.618750 0.059723 0.055469
0 0.277734 0.654861 0.095833 0.066406
0 0.296484 0.579861 0.048612 0.053906
0 0.367188 0.618750 0.022222 0.089844
0 0.394141 0.587500 0.029166 0.084375
0 0.389844 0.565278 0.050000 0.034375
0 0.398828 0.597917 0.056944 0.049219
0 0.437500 0.626389 0.058334 0.026562
0 0.466797 0.633333 0.048612 0.087500
0 0.491406 0.508333 0.061111 0.068750
0 0.537891 0.693750 0.106944 0.161719
0 0.618359 0.637500 0.115278 0.134375
0 0.731641 0.569444 0.143056 0.159375
